

frequency(GHz), Y
0, 0
0.03, 0.000371394
0.06, 0.000743133
0.09, 0.00111523
0.12, 0.00148772
0.15, 0.0018606
0.18, 0.0022339
0.21, 0.00260765
0.24, 0.00298186
0.27, 0.00335656
0.3, 0.00373177
0.33, 0.00410752
0.36, 0.00448383
0.39, 0.00486074
0.42, 0.00523827
0.45, 0.00561644
0.48, 0.00599529
0.51, 0.00637486
0.54, 0.00675516
0.57, 0.00713624
0.6, 0.00751812
0.63, 0.00790084
0.66, 0.00828443
0.69, 0.00866893
0.72, 0.00905438
0.75, 0.0094408
0.78, 0.00982824
0.81, 0.0102167
0.84, 0.0106063
0.87, 0.010997
0.9, 0.0113889
0.93, 0.011782
0.96, 0.0121763
0.99, 0.012572
1.02, 0.0129689
1.05, 0.0133672
1.08, 0.0137669
1.11, 0.0141681
1.14, 0.0145708
1.17, 0.014975
1.2, 0.0153807
1.23, 0.0157881
1.26, 0.0161972
1.29, 0.0166079
1.32, 0.0170204
1.35, 0.0174346
1.38, 0.0178507
1.41, 0.0182687
1.44, 0.0186886
1.47, 0.0191104
1.5, 0.0195342
1.53, 0.0199601
1.56, 0.020388
1.59, 0.0208181
1.62, 0.0212503
1.65, 0.0216847
1.68, 0.0221214
1.71, 0.0225603
1.74, 0.0230016
1.77, 0.0234453
1.8, 0.0238913
1.83, 0.0243398
1.86, 0.0247908
1.89, 0.0252443
1.92, 0.0257003
1.95, 0.0261589
1.98, 0.0266202
2.01, 0.0270842
2.04, 0.0275508
2.07, 0.0280202
2.1, 0.0284923
2.13, 0.0289673
2.16, 0.0294451
2.19, 0.0299257
2.22, 0.0304093
2.25, 0.0308958
2.28, 0.0313852
2.31, 0.0318777
2.34, 0.0323731
2.37, 0.0328716
2.4, 0.0333732
2.43, 0.0338779
2.46, 0.0343856
2.49, 0.0348966
2.52, 0.0354107
2.55, 0.035928
2.58, 0.0364484
2.61, 0.0369722
2.64, 0.0374991
2.67, 0.0380293
2.7, 0.0385628
2.73, 0.0390996
2.76, 0.0396397
2.79, 0.0401831
2.82, 0.0407299
2.85, 0.04128
2.88, 0.0418334
2.91, 0.0423902
2.94, 0.0429503
2.97, 0.0435139
3, 0.0440807
3.03, 0.044651
3.06, 0.0452246
3.09, 0.0458017
3.12, 0.046382
3.15, 0.0469658
3.18, 0.0475529
3.21, 0.0481434
3.24, 0.0487372
3.27, 0.0493344
3.3, 0.0499349
3.33, 0.0505387
3.36, 0.0511458
3.39, 0.0517563
3.42, 0.05237
3.45, 0.052987
3.48, 0.0536072
3.51, 0.0542306
3.54, 0.0548572
3.57, 0.055487
3.6, 0.05612
3.63, 0.0567561
3.66, 0.0573953
3.69, 0.0580375
3.72, 0.0586828
3.75, 0.0593311
3.78, 0.0599823
3.81, 0.0606365
3.84, 0.0612936
3.87, 0.0619536
3.9, 0.0626163
3.93, 0.0632818
3.96, 0.0639501
3.99, 0.064621
4.02, 0.0652946
4.05, 0.0659708
4.08, 0.0666495
4.11, 0.0673307
4.14, 0.0680143
4.17, 0.0687003
4.2, 0.0693887
4.23, 0.0700793
4.26, 0.070772
4.29, 0.071467
4.32, 0.072164
4.35, 0.0728631
4.38, 0.073564
4.41, 0.0742669
4.44, 0.0749716
4.47, 0.075678
4.5, 0.0763861
4.53, 0.0770959
4.56, 0.0778071
4.59, 0.0785198
4.62, 0.0792338
4.65, 0.0799491
4.68, 0.0806657
4.71, 0.0813833
4.74, 0.0821021
4.77, 0.0828217
4.8, 0.0835423
4.83, 0.0842636
4.86, 0.0849856
4.89, 0.0857082
4.92, 0.0864314
4.95, 0.0871549
4.98, 0.0878788
5.01, 0.0875297
5.04, 0.0850224
5.07, 0.0824972
5.1, 0.0799539
5.13, 0.0773923
5.16, 0.074812
5.19, 0.0722128
5.22, 0.0695944
5.25, 0.0669565
5.28, 0.0642989
5.31, 0.0616213
5.34, 0.0589235
5.37, 0.0562051
5.4, 0.0534659
5.43, 0.0507056
5.46, 0.047924
5.49, 0.0451208
5.52, 0.0422958
5.55, 0.0394486
5.58, 0.0365791
5.61, 0.0336869
5.64, 0.0307719
5.67, 0.0278337
5.7, 0.0248722
5.73, 0.021887
5.76, 0.018878
5.79, 0.0158448
5.82, 0.0127873
5.85, 0.00970527
5.88, 0.00659841
5.91, 0.00346653
5.94, 0.0003094
5.97, -0.00287319
6, -0.00608144
6.03, -0.00931557
6.06, -0.0125758
6.09, -0.0158623
6.12, -0.0191752
6.15, -0.0225148
6.18, -0.0258812
6.21, -0.0292746
6.24, -0.0326952
6.27, -0.0361431
6.3, -0.0396185
6.33, -0.0431215
6.36, -0.0466522
6.39, -0.0502109
6.42, -0.0537976
6.45, -0.0574124
6.48, -0.0610555
6.51, -0.064727
6.54, -0.0684269
6.57, -0.0721553
6.6, -0.0759124
6.63, -0.0796981
6.66, -0.0835126
6.69, -0.0873559
6.72, -0.0912281
6.75, -0.0951291
6.78, -0.099059
6.81, -0.103018
6.84, -0.107006
6.87, -0.111022
6.9, -0.115068
6.93, -0.119142
6.96, -0.123246
6.99, -0.127378
7.02, -0.131538
7.05, -0.135728
7.08, -0.139946
7.11, -0.144193
7.14, -0.148468
7.17, -0.152771
7.2, -0.157103
7.23, -0.161462
7.26, -0.16585
7.29, -0.170265
7.32, -0.174708
7.35, -0.179178
7.38, -0.183676
7.41, -0.1882
7.44, -0.192752
7.47, -0.19733
7.5, -0.201934
7.53, -0.206565
7.56, -0.211221
7.59, -0.215903
7.62, -0.22061
7.65, -0.225343
7.68, -0.2301
7.71, -0.234881
7.74, -0.239687
7.77, -0.244516
7.8, -0.249369
7.83, -0.254245
7.86, -0.259143
7.89, -0.264064
7.92, -0.269007
7.95, -0.273971
7.98, -0.278956
8.01, -0.283962
8.04, -0.288988
8.07, -0.294034
8.1, -0.299099
8.13, -0.304183
8.16, -0.309285
8.19, -0.314406
8.22, -0.319543
8.25, -0.324698
8.28, -0.329869
8.31, -0.335056
8.34, -0.340258
8.37, -0.345474
8.4, -0.350705
8.43, -0.35595
8.46, -0.361208
8.49, -0.366478
8.52, -0.37176
8.55, -0.377053
8.58, -0.382357
8.61, -0.387671
8.64, -0.392995
8.67, -0.398327
8.7, -0.403668
8.73, -0.409016
8.76, -0.414371
8.79, -0.419733
8.82, -0.4251
8.85, -0.430472
8.88, -0.435848
8.91, -0.441228
8.94, -0.446611
8.97, -0.451996
9, -0.457383
9.03, -0.46277
9.06, -0.468158
9.09, -0.473545
9.12, -0.478932
9.15, -0.484316
9.18, -0.489698
9.21, -0.495076
9.24, -0.500451
9.27, -0.50582
9.3, -0.511185
9.33, -0.516543
9.36, -0.521894
9.39, -0.527238
9.42, -0.532574
9.45, -0.537901
9.48, -0.543218
9.51, -0.548525
9.54, -0.553821
9.57, -0.559105
9.6, -0.564376
9.63, -0.569635
9.66, -0.57488
9.69, -0.58011
9.72, -0.585325
9.75, -0.590524
9.78, -0.595706
9.81, -0.600872
9.84, -0.606019
9.87, -0.611148
9.9, -0.616258
9.93, -0.621348
9.96, -0.626417
9.99, -0.631466
10.02, -0.635971
10.05, -0.640193
10.08, -0.644393
10.11, -0.64857
10.14, -0.652724
10.17, -0.656855
10.2, -0.660961
10.23, -0.665044
10.26, -0.669102
10.29, -0.673134
10.32, -0.677142
10.35, -0.681124
10.38, -0.68508
10.41, -0.689011
10.44, -0.692914
10.47, -0.696792
10.5, -0.700642
10.53, -0.704465
10.56, -0.708261
10.59, -0.712029
10.62, -0.715769
10.65, -0.719481
10.68, -0.723165
10.71, -0.72682
10.74, -0.730447
10.77, -0.734045
10.8, -0.737614
10.83, -0.741153
10.86, -0.744664
10.89, -0.748145
10.92, -0.751597
10.95, -0.755019
10.98, -0.758411
11.01, -0.761773
11.04, -0.765106
11.07, -0.768409
11.1, -0.771682
11.13, -0.774924
11.16, -0.778137
11.19, -0.78132
11.22, -0.784473
11.25, -0.787595
11.28, -0.790688
11.31, -0.793751
11.34, -0.796784
11.37, -0.799787
11.4, -0.80276
11.43, -0.805704
11.46, -0.808618
11.49, -0.811502
11.52, -0.814357
11.55, -0.817183
11.58, -0.81998
11.61, -0.822748
11.64, -0.825487
11.67, -0.828198
11.7, -0.83088
11.73, -0.833535
11.76, -0.836161
11.79, -0.838759
11.82, -0.84133
11.85, -0.843874
11.88, -0.846391
11.91, -0.848881
11.94, -0.851345
11.97, -0.853783
12, -0.856196
12.03, -0.858582
12.06, -0.860944
12.09, -0.863281
12.12, -0.865594
12.15, -0.867883
12.18, -0.870148
12.21, -0.872391
12.24, -0.87461
12.27, -0.876807
12.3, -0.878983
12.33, -0.881137
12.36, -0.88327
12.39, -0.885382
12.42, -0.887475
12.45, -0.889548
12.48, -0.891603
12.51, -0.893638
12.54, -0.895656
12.57, -0.897657
12.6, -0.899641
12.63, -0.901608
12.66, -0.90356
12.69, -0.905497
12.72, -0.907419
12.75, -0.909327
12.78, -0.911222
12.81, -0.913105
12.84, -0.914975
12.87, -0.916835
12.9, -0.918683
12.93, -0.920521
12.96, -0.92235
12.99, -0.924171
13.02, -0.925983
13.05, -0.927788
13.08, -0.929587
13.11, -0.931379
13.14, -0.933167
13.17, -0.93495
13.2, -0.936729
13.23, -0.938505
13.26, -0.94028
13.29, -0.942052
13.32, -0.943825
13.35, -0.945597
13.38, -0.94737
13.41, -0.949145
13.44, -0.950922
13.47, -0.952703
13.5, -0.954487
13.53, -0.956277
13.56, -0.958072
13.59, -0.959874
13.62, -0.961683
13.65, -0.9635
13.68, -0.965326
13.71, -0.967162
13.74, -0.969008
13.77, -0.970866
13.8, -0.972736
13.83, -0.97462
13.86, -0.976517
13.89, -0.978429
13.92, -0.980357
13.95, -0.982301
13.98, -0.984262
14.01, -0.986242
14.04, -0.988241
14.07, -0.990259
14.1, -0.992298
14.13, -0.994359
14.16, -0.996442
14.19, -0.998548
14.22, -1.00068
14.25, -1.00283
14.28, -1.00501
14.31, -1.00722
14.34, -1.00946
14.37, -1.01172
14.4, -1.01401
14.43, -1.01633
14.46, -1.01868
14.49, -1.02106
14.52, -1.02348
14.55, -1.02593
14.58, -1.02841
14.61, -1.03092
14.64, -1.03347
14.67, -1.03606
14.7, -1.03868
14.73, -1.04134
14.76, -1.04404
14.79, -1.04678
14.82, -1.04955
14.85, -1.05237
14.88, -1.05522
14.91, -1.05812
14.94, -1.06106
14.97, -1.06404
15, -1.06707
15.03, -1.06981
15.06, -1.0726
15.09, -1.07544
15.12, -1.07831
15.15, -1.08123
15.18, -1.08419
15.21, -1.0872
15.24, -1.09025
15.27, -1.09334
15.3, -1.09648
15.33, -1.09967
15.36, -1.10289
15.39, -1.10616
15.42, -1.10948
15.45, -1.11284
15.48, -1.11625
15.51, -1.1197
15.54, -1.12319
15.57, -1.12673
15.6, -1.13032
15.63, -1.13395
15.66, -1.13762
15.69, -1.14134
15.72, -1.1451
15.75, -1.14891
15.78, -1.15276
15.81, -1.15665
15.84, -1.16059
15.87, -1.16457
15.9, -1.16859
15.93, -1.17266
15.96, -1.17677
15.99, -1.18092
16.02, -1.18512
16.05, -1.18936
16.08, -1.19363
16.11, -1.19795
16.14, -1.20231
16.17, -1.20672
16.2, -1.21116
16.23, -1.21564
16.26, -1.22016
16.29, -1.22472
16.32, -1.22932
16.35, -1.23395
16.38, -1.23862
16.41, -1.24334
16.44, -1.24808
16.47, -1.25286
16.5, -1.25768
16.53, -1.26254
16.56, -1.26742
16.59, -1.27235
16.62, -1.2773
16.65, -1.28229
16.68, -1.28731
16.71, -1.29236
16.74, -1.29744
16.77, -1.30255
16.8, -1.30769
16.83, -1.31286
16.86, -1.31805
16.89, -1.32328
16.92, -1.32853
16.95, -1.3338
16.98, -1.33911
17.01, -1.34443
17.04, -1.34978
17.07, -1.35515
17.1, -1.36055
17.13, -1.36596
17.16, -1.3714
17.19, -1.37685
17.22, -1.38232
17.25, -1.38782
17.28, -1.39332
17.31, -1.39885
17.34, -1.40439
17.37, -1.40994
17.4, -1.41551
17.43, -1.42109
17.46, -1.42669
17.49, -1.43229
17.52, -1.43791
17.55, -1.44353
17.58, -1.44916
17.61, -1.4548
17.64, -1.46045
17.67, -1.4661
17.7, -1.47176
17.73, -1.47742
17.76, -1.48309
17.79, -1.48876
17.82, -1.49443
17.85, -1.50009
17.88, -1.50576
17.91, -1.51143
17.94, -1.5171
17.97, -1.52276
18, -1.52842
18.03, -1.53407
18.06, -1.53972
18.09, -1.54536
18.12, -1.55099
18.15, -1.55662
18.18, -1.56223
18.21, -1.56784
18.24, -1.57343
18.27, -1.57901
18.3, -1.58458
18.33, -1.59014
18.36, -1.59568
18.39, -1.60121
18.42, -1.60672
18.45, -1.61221
18.48, -1.61769
18.51, -1.62314
18.54, -1.62858
18.57, -1.634
18.6, -1.63939
18.63, -1.64477
18.66, -1.65012
18.69, -1.65545
18.72, -1.66075
18.75, -1.66603
18.78, -1.67128
18.81, -1.67651
18.84, -1.68171
18.87, -1.68688
18.9, -1.69203
18.93, -1.69714
18.96, -1.70223
18.99, -1.70728
19.02, -1.71231
19.05, -1.7173
19.08, -1.72226
19.11, -1.72718
19.14, -1.73208
19.17, -1.73693
19.2, -1.74176
19.23, -1.74655
19.26, -1.7513
19.29, -1.75601
19.32, -1.76069
19.35, -1.76534
19.38, -1.76994
19.41, -1.7745
19.44, -1.77903
19.47, -1.78352
19.5, -1.78796
19.53, -1.79237
19.56, -1.79674
19.59, -1.80106
19.62, -1.80534
19.65, -1.80959
19.68, -1.81378
19.71, -1.81794
19.74, -1.82206
19.77, -1.82613
19.8, -1.83015
19.83, -1.83414
19.86, -1.83808
19.89, -1.84197
19.92, -1.84582
19.95, -1.84963
19.98, -1.85339
20.01, -1.85698
20.04, -1.86029
20.07, -1.86355
20.1, -1.86677
20.13, -1.86995
20.16, -1.87307
20.19, -1.87616
20.22, -1.8792
20.25, -1.8822
20.28, -1.88515
20.31, -1.88806
20.34, -1.89092
20.37, -1.89374
20.4, -1.89652
20.43, -1.89925
20.46, -1.90194
20.49, -1.90459
20.52, -1.9072
20.55, -1.90976
20.58, -1.91228
20.61, -1.91476
20.64, -1.9172
20.67, -1.9196
20.7, -1.92195
20.73, -1.92427
20.76, -1.92655
20.79, -1.92878
20.82, -1.93098
20.85, -1.93314
20.88, -1.93525
20.91, -1.93734
20.94, -1.93938
20.97, -1.94138
21, -1.94335
21.03, -1.94529
21.06, -1.94718
21.09, -1.94904
21.12, -1.95087
21.15, -1.95266
21.18, -1.95442
21.21, -1.95614
21.24, -1.95783
21.27, -1.95949
21.3, -1.96112
21.33, -1.96271
21.36, -1.96428
21.39, -1.96581
21.42, -1.96732
21.45, -1.9688
21.48, -1.97024
21.51, -1.97166
21.54, -1.97306
21.57, -1.97443
21.6, -1.97577
21.63, -1.97708
21.66, -1.97838
21.69, -1.97965
21.72, -1.98089
21.75, -1.98212
21.78, -1.98332
21.81, -1.9845
21.84, -1.98566
21.87, -1.9868
21.9, -1.98792
21.93, -1.98903
21.96, -1.99011
21.99, -1.99119
22.02, -1.99224
22.05, -1.99328
22.08, -1.99431
22.11, -1.99532
22.14, -1.99632
22.17, -1.99731
22.2, -1.99828
22.23, -1.99925
22.26, -2.00021
22.29, -2.00116
22.32, -2.0021
22.35, -2.00303
22.38, -2.00396
22.41, -2.00488
22.44, -2.00579
22.47, -2.00671
22.5, -2.00762
22.53, -2.00852
22.56, -2.00943
22.59, -2.01033
22.62, -2.01124
22.65, -2.01214
22.68, -2.01305
22.71, -2.01396
22.74, -2.01488
22.77, -2.01579
22.8, -2.01672
22.83, -2.01764
22.86, -2.01858
22.89, -2.01952
22.92, -2.02047
22.95, -2.02143
22.98, -2.0224
23.01, -2.02338
23.04, -2.02437
23.07, -2.02538
23.1, -2.02639
23.13, -2.02742
23.16, -2.02847
23.19, -2.02953
23.22, -2.0306
23.25, -2.0317
23.28, -2.03281
23.31, -2.03394
23.34, -2.03508
23.37, -2.03625
23.4, -2.03744
23.43, -2.03865
23.46, -2.03988
23.49, -2.04114
23.52, -2.04241
23.55, -2.04371
23.58, -2.04504
23.61, -2.04639
23.64, -2.04777
23.67, -2.04917
23.7, -2.0506
23.73, -2.05206
23.76, -2.05355
23.79, -2.05507
23.82, -2.05662
23.85, -2.05819
23.88, -2.0598
23.91, -2.06144
23.94, -2.06311
23.97, -2.06482
24, -2.06656
24.03, -2.06833
24.06, -2.07013
24.09, -2.07197
24.12, -2.07385
24.15, -2.07576
24.18, -2.07771
24.21, -2.07969
24.24, -2.08171
24.27, -2.08377
24.3, -2.08586
24.33, -2.088
24.36, -2.09017
24.39, -2.09238
24.42, -2.09463
24.45, -2.09692
24.48, -2.09925
24.51, -2.10162
24.54, -2.10403
24.57, -2.10648
24.6, -2.10897
24.63, -2.1115
24.66, -2.11407
24.69, -2.11669
24.72, -2.11935
24.75, -2.12205
24.78, -2.12479
24.81, -2.12757
24.84, -2.13039
24.87, -2.13326
24.9, -2.13617
24.93, -2.13912
24.96, -2.14212
24.99, -2.14515
25.02, -2.14837
25.05, -2.15168
25.08, -2.15504
25.11, -2.15844
25.14, -2.16188
25.17, -2.16536
25.2, -2.16888
25.23, -2.17245
25.26, -2.17605
25.29, -2.17969
25.32, -2.18337
25.35, -2.18709
25.38, -2.19085
25.41, -2.19465
25.44, -2.19849
25.47, -2.20237
25.5, -2.20628
25.53, -2.21023
25.56, -2.21422
25.59, -2.21825
25.62, -2.22231
25.65, -2.22641
25.68, -2.23054
25.71, -2.23471
25.74, -2.23892
25.77, -2.24316
25.8, -2.24743
25.83, -2.25173
25.86, -2.25607
25.89, -2.26045
25.92, -2.26485
25.95, -2.26928
25.98, -2.27375
26.01, -2.27825
26.04, -2.28277
26.07, -2.28733
26.1, -2.29191
26.13, -2.29653
26.16, -2.30117
26.19, -2.30584
26.22, -2.31053
26.25, -2.31525
26.28, -2.32
26.31, -2.32477
26.34, -2.32956
26.37, -2.33438
26.4, -2.33922
26.43, -2.34408
26.46, -2.34896
26.49, -2.35387
26.52, -2.35879
26.55, -2.36373
26.58, -2.3687
26.61, -2.37368
26.64, -2.37868
26.67, -2.38369
26.7, -2.38872
26.73, -2.39377
26.76, -2.39883
26.79, -2.4039
26.82, -2.40899
26.85, -2.41409
26.88, -2.4192
26.91, -2.42432
26.94, -2.42945
26.97, -2.4346
27, -2.43975
27.03, -2.44491
27.06, -2.45007
27.09, -2.45525
27.12, -2.46042
27.15, -2.46561
27.18, -2.4708
27.21, -2.47599
27.24, -2.48119
27.27, -2.48639
27.3, -2.49159
27.33, -2.49679
27.36, -2.50199
27.39, -2.50719
27.42, -2.51239
27.45, -2.51759
27.48, -2.52278
27.51, -2.52798
27.54, -2.53316
27.57, -2.53835
27.6, -2.54353
27.63, -2.5487
27.66, -2.55387
27.69, -2.55903
27.72, -2.56418
27.75, -2.56932
27.78, -2.57445
27.81, -2.57958
27.84, -2.58469
27.87, -2.58979
27.9, -2.59488
27.93, -2.59996
27.96, -2.60502
27.99, -2.61008
28.02, -2.61511
28.05, -2.62014
28.08, -2.62514
28.11, -2.63013
28.14, -2.63511
28.17, -2.64007
28.2, -2.64501
28.23, -2.64993
28.26, -2.65484
28.29, -2.65972
28.32, -2.66459
28.35, -2.66943
28.38, -2.67426
28.41, -2.67906
28.44, -2.68385
28.47, -2.68861
28.5, -2.69334
28.53, -2.69806
28.56, -2.70275
28.59, -2.70742
28.62, -2.71207
28.65, -2.71669
28.68, -2.72128
28.71, -2.72585
28.74, -2.7304
28.77, -2.73492
28.8, -2.73941
28.83, -2.74388
28.86, -2.74832
28.89, -2.75273
28.92, -2.75711
28.95, -2.76147
28.98, -2.7658
29.01, -2.7701
29.04, -2.77437
29.07, -2.77861
29.1, -2.78283
29.13, -2.78701
29.16, -2.79117
29.19, -2.79529
29.22, -2.79939
29.25, -2.80345
29.28, -2.80749
29.31, -2.8115
29.34, -2.81547
29.37, -2.81942
29.4, -2.82333
29.43, -2.82721
29.46, -2.83106
29.49, -2.83489
29.52, -2.83868
29.55, -2.84243
29.58, -2.84616
29.61, -2.84986
29.64, -2.85352
29.67, -2.85716
29.7, -2.86076
29.73, -2.86433
29.76, -2.86788
29.79, -2.87139
29.82, -2.87486
29.85, -2.87831
29.88, -2.88173
29.91, -2.88512
29.94, -2.88847
29.97, -2.8918



