

wavelength(nm), Y
1565, -31.2819
1564.98, -31.2748
1564.97, -31.2682
1564.95, -31.2622
1564.94, -31.2566
1564.92, -31.2516
1564.91, -31.2471
1564.89, -31.2432
1564.88, -31.2397
1564.86, -31.2368
1564.85, -31.2344
1564.83, -31.2325
1564.82, -31.2312
1564.8, -31.2303
1564.79, -31.23
1564.77, -31.2302
1564.76, -31.231
1564.74, -31.2322
1564.73, -31.234
1564.71, -31.2363
1564.7, -31.2391
1564.68, -31.2424
1564.67, -31.2462
1564.65, -31.2506
1564.64, -31.2555
1564.62, -31.2609
1564.61, -31.2669
1564.59, -31.2734
1564.58, -31.2804
1564.56, -31.2879
1564.55, -31.2959
1564.53, -31.3045
1564.52, -31.3136
1564.5, -31.3232
1564.49, -31.3334
1564.47, -31.3441
1564.45, -31.3554
1564.44, -31.3671
1564.42, -31.3794
1564.41, -31.3923
1564.39, -31.4057
1564.38, -31.4196
1564.36, -31.4341
1564.35, -31.4491
1564.33, -31.4647
1564.32, -31.4808
1564.3, -31.4974
1564.29, -31.5147
1564.27, -31.5324
1564.26, -31.5508
1564.24, -31.5697
1564.23, -31.5891
1564.21, -31.6091
1564.2, -31.6297
1564.18, -31.6509
1564.17, -31.6726
1564.15, -31.6949
1564.14, -31.7178
1564.12, -31.7412
1564.11, -31.7653
1564.09, -31.7899
1564.08, -31.8152
1564.06, -31.841
1564.05, -31.8674
1564.03, -31.8944
1564.02, -31.9221
1564, -31.9503
1563.99, -31.9791
1563.97, -32.0086
1563.96, -32.0387
1563.94, -32.0694
1563.93, -32.1008
1563.91, -32.1327
1563.9, -32.1654
1563.88, -32.1986
1563.86, -32.2325
1563.85, -32.2671
1563.83, -32.3023
1563.82, -32.3382
1563.8, -32.3748
1563.79, -32.412
1563.77, -32.4499
1563.76, -32.4885
1563.74, -32.5278
1563.73, -32.5678
1563.71, -32.6085
1563.7, -32.6499
1563.68, -32.6921
1563.67, -32.7349
1563.65, -32.7785
1563.64, -32.8228
1563.62, -32.8679
1563.61, -32.9137
1563.59, -32.9603
1563.58, -33.0077
1563.56, -33.0559
1563.55, -33.1048
1563.53, -33.1545
1563.52, -33.2051
1563.5, -33.2564
1563.49, -33.3086
1563.47, -33.3616
1563.46, -33.4155
1563.44, -33.4702
1563.43, -33.5257
1563.41, -33.5822
1563.4, -33.6395
1563.38, -33.6978
1563.37, -33.7569
1563.35, -33.817
1563.34, -33.878
1563.32, -33.94
1563.31, -34.0029
1563.29, -34.0668
1563.28, -34.1317
1563.26, -34.1976
1563.25, -34.2645
1563.23, -34.3325
1563.21, -34.4015
1563.2, -34.4716
1563.18, -34.5427
1563.17, -34.615
1563.15, -34.6884
1563.14, -34.7629
1563.12, -34.8386
1563.11, -34.9154
1563.09, -34.9935
1563.08, -35.0728
1563.06, -35.1533
1563.05, -35.2351
1563.03, -35.3182
1563.02, -35.4025
1563, -35.4883
1562.99, -35.5754
1562.97, -35.6638
1562.96, -35.7537
1562.94, -35.8451
1562.93, -35.9379
1562.91, -36.0322
1562.9, -36.1281
1562.88, -36.2255
1562.87, -36.3246
1562.85, -36.4253
1562.84, -36.5277
1562.82, -36.6318
1562.81, -36.7376
1562.79, -36.8453
1562.78, -36.9548
1562.76, -37.0662
1562.75, -37.1795
1562.73, -37.2948
1562.72, -37.4121
1562.7, -37.5316
1562.69, -37.6532
1562.67, -37.777
1562.66, -37.903
1562.64, -38.0314
1562.63, -38.1622
1562.61, -38.2954
1562.6, -38.4312
1562.58, -38.5696
1562.57, -38.7107
1562.55, -38.8545
1562.54, -39.0012
1562.52, -39.1509
1562.51, -39.3037
1562.49, -39.4595
1562.47, -39.6187
1562.46, -39.7812
1562.44, -39.9472
1562.43, -40.1168
1562.41, -40.2902
1562.4, -40.4675
1562.38, -40.6488
1562.37, -40.8342
1562.35, -41.0241
1562.34, -41.2184
1562.32, -41.4175
1562.31, -41.6215
1562.29, -41.8306
1562.28, -42.045
1562.26, -42.265
1562.25, -42.4908
1562.23, -42.7226
1562.22, -42.9608
1562.2, -43.2057
1562.19, -43.4575
1562.17, -43.7166
1562.16, -43.9833
1562.14, -44.258
1562.13, -44.5411
1562.11, -44.833
1562.1, -45.1342
1562.08, -45.445
1562.07, -45.766
1562.05, -46.0976
1562.04, -46.4402
1562.02, -46.7943
1562.01, -47.1605
1561.99, -47.5389
1561.98, -47.93
1561.96, -48.334
1561.95, -48.7507
1561.93, -49.18
1561.92, -49.621
1561.9, -50.0727
1561.89, -50.5331
1561.87, -50.9991
1561.86, -51.4666
1561.84, -51.9294
1561.83, -52.3796
1561.81, -52.8069
1561.8, -53.1984
1561.78, -53.5396
1561.77, -53.8145
1561.75, -54.0083
1561.74, -54.109
1561.72, -54.1099
1561.71, -54.011
1561.69, -53.8187
1561.68, -53.5451
1561.66, -53.205
1561.64, -52.8142
1561.63, -52.3875
1561.61, -51.9376
1561.6, -51.4749
1561.58, -51.0075
1561.57, -50.5414
1561.55, -50.0809
1561.54, -49.629
1561.52, -49.1877
1561.51, -48.7583
1561.49, -48.3413
1561.48, -47.9372
1561.46, -47.5458
1561.45, -47.1671
1561.43, -46.8008
1561.42, -46.4464
1561.4, -46.1036
1561.39, -45.7718
1561.37, -45.4507
1561.36, -45.1397
1561.34, -44.8383
1561.33, -44.5463
1561.31, -44.263
1561.3, -43.9881
1561.28, -43.7213
1561.27, -43.462
1561.25, -43.2101
1561.24, -42.9651
1561.22, -42.7268
1561.21, -42.4948
1561.19, -42.269
1561.18, -42.0489
1561.16, -41.8344
1561.15, -41.6252
1561.13, -41.4211
1561.12, -41.2219
1561.1, -41.0275
1561.09, -40.8376
1561.07, -40.652
1561.06, -40.4707
1561.04, -40.2933
1561.03, -40.1199
1561.01, -39.9502
1561, -39.7841
1560.98, -39.6216
1560.97, -39.4624
1560.95, -39.3064
1560.94, -39.1536
1560.92, -39.0039
1560.91, -38.8571
1560.89, -38.7132
1560.88, -38.5721
1560.86, -38.4336
1560.85, -38.2978
1560.83, -38.1645
1560.82, -38.0337
1560.8, -37.9053
1560.79, -37.7792
1560.77, -37.6554
1560.76, -37.5337
1560.74, -37.4143
1560.73, -37.2969
1560.71, -37.1815
1560.7, -37.0682
1560.68, -36.9567
1560.67, -36.8472
1560.65, -36.7395
1560.64, -36.6336
1560.62, -36.5295
1560.61, -36.4271
1560.59, -36.3264
1560.58, -36.2273
1560.56, -36.1298
1560.54, -36.0339
1560.53, -35.9396
1560.51, -35.8467
1560.5, -35.7554
1560.48, -35.6654
1560.47, -35.5769
1560.45, -35.4898
1560.44, -35.4041
1560.42, -35.3197
1560.41, -35.2366
1560.39, -35.1547
1560.38, -35.0742
1560.36, -34.9949
1560.35, -34.9168
1560.33, -34.8399
1560.32, -34.7642
1560.3, -34.6897
1560.29, -34.6163
1560.27, -34.544
1560.26, -34.4728
1560.24, -34.4027
1560.23, -34.3337
1560.21, -34.2657
1560.2, -34.1988
1560.18, -34.1329
1560.17, -34.068
1560.15, -34.004
1560.14, -33.9411
1560.12, -33.8791
1560.11, -33.8181
1560.09, -33.758
1560.08, -33.6988
1560.06, -33.6406
1560.05, -33.5832
1560.03, -33.5267
1560.02, -33.4712
1560, -33.4164
1559.99, -33.3626
1559.97, -33.3095
1559.96, -33.2573
1559.94, -33.206
1559.93, -33.1554
1559.91, -33.1057
1559.9, -33.0567
1559.88, -33.0086
1559.87, -32.9612
1559.85, -32.9146
1559.84, -32.8687
1559.82, -32.8236
1559.81, -32.7793
1559.79, -32.7357
1559.78, -32.6928
1559.76, -32.6507
1559.75, -32.6092
1559.73, -32.5685
1559.72, -32.5285
1559.7, -32.4892
1559.69, -32.4506
1559.67, -32.4127
1559.66, -32.3754
1559.64, -32.3389
1559.63, -32.303
1559.61, -32.2677
1559.6, -32.2332
1559.58, -32.1992
1559.57, -32.166
1559.55, -32.1333
1559.54, -32.1013
1559.52, -32.07
1559.51, -32.0392
1559.49, -32.0091
1559.48, -31.9797
1559.46, -31.9508
1559.45, -31.9226
1559.43, -31.8949
1559.42, -31.8679
1559.4, -31.8415
1559.39, -31.8156
1559.37, -31.7904
1559.36, -31.7657
1559.34, -31.7417
1559.33, -31.7182
1559.31, -31.6953
1559.3, -31.673
1559.28, -31.6513
1559.27, -31.6301
1559.25, -31.6095
1559.24, -31.5895
1559.22, -31.57
1559.21, -31.5511
1559.19, -31.5328
1559.18, -31.515
1559.16, -31.4977
1559.15, -31.4811
1559.13, -31.4649
1559.12, -31.4494
1559.1, -31.4343
1559.09, -31.4199
1559.07, -31.4059
1559.06, -31.3925
1559.04, -31.3797
1559.03, -31.3673
1559.01, -31.3556
1559, -31.3443
1558.98, -31.3336
1558.97, -31.3234
1558.95, -31.3138
1558.94, -31.3047
1558.92, -31.2961
1558.91, -31.288
1558.89, -31.2805
1558.88, -31.2735
1558.86, -31.267
1558.85, -31.261
1558.83, -31.2556
1558.82, -31.2507
1558.8, -31.2463
1558.78, -31.2425
1558.77, -31.2391
1558.75, -31.2363
1558.74, -31.234
1558.72, -31.2322
1558.71, -31.231
1558.69, -31.2302
1558.68, -31.23
1558.66, -31.2303
1558.65, -31.2312
1558.63, -31.2325
1558.62, -31.2344
1558.6, -31.2368
1558.59, -31.2397
1558.57, -31.2431
1558.56, -31.2471
1558.54, -31.2515
1558.53, -31.2565
1558.51, -31.2621
1558.5, -31.2681
1558.48, -31.2747
1558.47, -31.2818
1558.45, -31.2894
1558.44, -31.2975
1558.42, -31.3062
1558.41, -31.3154
1558.39, -31.3252
1558.38, -31.3354
1558.36, -31.3463
1558.35, -31.3576
1558.33, -31.3695
1558.32, -31.3819
1558.3, -31.3948
1558.29, -31.4083
1558.27, -31.4224
1558.26, -31.4369
1558.24, -31.4521
1558.23, -31.4677
1558.21, -31.484
1558.2, -31.5007
1558.18, -31.5181
1558.17, -31.5359
1558.15, -31.5544
1558.14, -31.5734
1558.12, -31.5929
1558.11, -31.6131
1558.09, -31.6338
1558.08, -31.655
1558.06, -31.6769
1558.05, -31.6993
1558.03, -31.7223
1558.02, -31.7459
1558, -31.77
1557.99, -31.7948
1557.97, -31.8201
1557.96, -31.8461
1557.94, -31.8726
1557.93, -31.8997
1557.91, -31.9275
1557.9, -31.9558
1557.88, -31.9848
1557.87, -32.0144
1557.85, -32.0446
1557.84, -32.0754
1557.82, -32.1069
1557.81, -32.139
1557.79, -32.1718
1557.78, -32.2051
1557.76, -32.2392
1557.75, -32.2739
1557.73, -32.3092
1557.72, -32.3452
1557.7, -32.3819
1557.69, -32.4193
1557.67, -32.4573
1557.66, -32.4961
1557.64, -32.5355
1557.63, -32.5756
1557.61, -32.6165
1557.6, -32.658
1557.58, -32.7003
1557.57, -32.7433
1557.55, -32.787
1557.54, -32.8315
1557.52, -32.8767
1557.51, -32.9227
1557.49, -32.9694
1557.48, -33.017
1557.46, -33.0653
1557.45, -33.1143
1557.43, -33.1642
1557.42, -33.2149
1557.4, -33.2664
1557.39, -33.3188
1557.37, -33.372
1557.36, -33.426
1557.34, -33.4809
1557.33, -33.5366
1557.31, -33.5932
1557.3, -33.6507
1557.28, -33.7092
1557.27, -33.7685
1557.25, -33.8287
1557.24, -33.8899
1557.22, -33.9521
1557.21, -34.0152
1557.19, -34.0793
1557.18, -34.1444
1557.16, -34.2105
1557.15, -34.2776
1557.13, -34.3458
1557.12, -34.415
1557.1, -34.4852
1557.09, -34.5566
1557.07, -34.6291
1557.06, -34.7027
1557.04, -34.7774
1557.03, -34.8534
1557.01, -34.9304
1557, -35.0087
1556.98, -35.0883
1556.97, -35.169
1556.95, -35.2511
1556.94, -35.3344
1556.92, -35.419
1556.91, -35.505
1556.89, -35.5924
1556.88, -35.6811
1556.86, -35.7713
1556.85, -35.8629
1556.83, -35.956
1556.82, -36.0507
1556.8, -36.1468
1556.79, -36.2446
1556.77, -36.344
1556.76, -36.445
1556.74, -36.5477
1556.73, -36.6521
1556.71, -36.7583
1556.7, -36.8663
1556.68, -36.9762
1556.67, -37.0879
1556.65, -37.2016
1556.64, -37.3173
1556.62, -37.4351
1556.61, -37.5549
1556.59, -37.6769
1556.58, -37.8012
1556.56, -37.9277
1556.55, -38.0565
1556.53, -38.1878
1556.52, -38.3215
1556.5, -38.4578
1556.49, -38.5967
1556.47, -38.7383
1556.46, -38.8827
1556.44, -39.03
1556.43, -39.1802
1556.41, -39.3336
1556.4, -39.4901
1556.38, -39.6499
1556.37, -39.813
1556.35, -39.9797
1556.34, -40.1501
1556.32, -40.3242
1556.31, -40.5022
1556.29, -40.6843
1556.28, -40.8706
1556.26, -41.0613
1556.25, -41.2566
1556.23, -41.4566
1556.22, -41.6615
1556.2, -41.8716
1556.19, -42.0871
1556.17, -42.3082
1556.16, -42.5351
1556.15, -42.7682
1556.13, -43.0077
1556.12, -43.2539
1556.1, -43.507
1556.09, -43.7676
1556.07, -44.0358
1556.06, -44.3121
1556.04, -44.5969
1556.03, -44.8906
1556.01, -45.1936
1556, -45.5063
1555.98, -45.8293
1555.97, -46.163
1555.95, -46.5078
1555.94, -46.8643
1555.92, -47.2327
1555.91, -47.6136
1555.89, -48.0072
1555.88, -48.4136
1555.86, -48.8328
1555.85, -49.2644
1555.83, -49.7077
1555.82, -50.1612
1555.8, -50.623
1555.79, -51.0896
1555.77, -51.5567
1555.76, -52.0178
1555.74, -52.4645
1555.73, -52.8859
1555.71, -53.2689
1555.7, -53.5984
1555.68, -53.8588
1555.67, -54.0354
1555.65, -54.1171
1555.64, -54.0985
1555.62, -53.9807
1555.61, -53.7717
1555.59, -53.484
1555.58, -53.1329
1555.56, -52.734
1555.55, -52.3019
1555.53, -51.8488
1555.52, -51.3846
1555.5, -50.917
1555.49, -50.4517
1555.47, -49.9927
1555.46, -49.5428
1555.44, -49.1037
1555.43, -48.6766
1555.41, -48.2621
1555.4, -47.8604
1555.38, -47.4716
1555.37, -47.0953
1555.35, -46.7313
1555.34, -46.3792
1555.32, -46.0385
1555.31, -45.7089
1555.29, -45.3897
1555.28, -45.0806
1555.26, -44.7811
1555.25, -44.4908
1555.23, -44.2092
1555.22, -43.9359
1555.2, -43.6705
1555.19, -43.4127
1555.17, -43.1622
1555.16, -42.9185
1555.14, -42.6814
1555.13, -42.4507
1555.11, -42.2259
1555.1, -42.0069
1555.08, -41.7935
1555.07, -41.5853
1555.05, -41.3822
1555.04, -41.184
1555.02, -40.9904
1555.01, -40.8013
1554.99, -40.6166
1554.98, -40.436
1554.96, -40.2595
1554.95, -40.0868
1554.93, -39.9178
1554.92, -39.7524
1554.9, -39.5905
1554.89, -39.4319
1554.87, -39.2766
1554.86, -39.1244
1554.84, -38.9753
1554.83, -38.8291
1554.81, -38.6857
1554.8, -38.5451
1554.78, -38.4072
1554.77, -38.2718
1554.75, -38.139
1554.74, -38.0087
1554.72, -37.8807
1554.71, -37.7551
1554.69, -37.6317
1554.68, -37.5104
1554.66, -37.3914
1554.65, -37.2744
1554.63, -37.1594
1554.62, -37.0465
1554.6, -36.9354
1554.59, -36.8262
1554.57, -36.7189
1554.56, -36.6133
1554.54, -36.5096
1554.53, -36.4075
1554.51, -36.3071
1554.5, -36.2083
1554.48, -36.1112
1554.47, -36.0156
1554.45, -35.9215
1554.44, -35.8289
1554.42, -35.7378
1554.41, -35.6482
1554.4, -35.56
1554.38, -35.4731
1554.37, -35.3876
1554.35, -35.3035
1554.34, -35.2206
1554.32, -35.1391
1554.31, -35.0588
1554.29, -34.9797
1554.28, -34.9018
1554.26, -34.8252
1554.25, -34.7497
1554.23, -34.6754
1554.22, -34.6022
1554.2, -34.5301
1554.19, -34.4592
1554.17, -34.3893
1554.16, -34.3205
1554.14, -34.2527
1554.13, -34.186
1554.11, -34.1202
1554.1, -34.0555
1554.08, -33.9918
1554.07, -33.929
1554.05, -33.8672
1554.04, -33.8064
1554.02, -33.7465
1554.01, -33.6875
1553.99, -33.6294
1553.98, -33.5722
1553.96, -33.5159
1553.95, -33.4605
1553.93, -33.4059
1553.92, -33.3522
1553.9, -33.2994
1553.89, -33.2473
1553.87, -33.1961
1553.86, -33.1457
1553.84, -33.0961
1553.83, -33.0473
1553.81, -32.9993
1553.8, -32.9521
1553.78, -32.9056
1553.77, -32.8599
1553.75, -32.815
1553.74, -32.7708
1553.72, -32.7273
1553.71, -32.6846
1553.69, -32.6426
1553.68, -32.6013
1553.66, -32.5607
1553.65, -32.5209
1553.63, -32.4817
1553.62, -32.4432
1553.6, -32.4054
1553.59, -32.3683
1553.57, -32.3319
1553.56, -32.2961
1553.54, -32.261
1553.53, -32.2265
1553.51, -32.1927
1553.5, -32.1596
1553.48, -32.1271
1553.47, -32.0952
1553.45, -32.064
1553.44, -32.0334
1553.42, -32.0034
1553.41, -31.974
1553.39, -31.9453
1553.38, -31.9172
1553.36, -31.8896
1553.35, -31.8627
1553.33, -31.8364
1553.32, -31.8107
1553.31, -31.7856
1553.29, -31.761
1553.28, -31.7371
1553.26, -31.7137
1553.25, -31.6909
1553.23, -31.6687
1553.22, -31.6471
1553.2, -31.6261
1553.19, -31.6056
1553.17, -31.5857
1553.16, -31.5663
1553.14, -31.5475
1553.13, -31.5293
1553.11, -31.5116
1553.1, -31.4945
1553.08, -31.4779
1553.07, -31.4619
1553.05, -31.4464
1553.04, -31.4315
1553.02, -31.4171
1553.01, -31.4033
1552.99, -31.39
1552.98, -31.3772
1552.96, -31.365
1552.95, -31.3533
1552.93, -31.3422
1552.92, -31.3316
1552.9, -31.3215
1552.89, -31.312
1552.87, -31.303
1552.86, -31.2945
1552.84, -31.2865
1552.83, -31.2791
1552.81, -31.2722
1552.8, -31.2658
1552.78, -31.26
1552.77, -31.2546
1552.75, -31.2498
1552.74, -31.2455
1552.72, -31.2418
1552.71, -31.2385
1552.69, -31.2358
1552.68, -31.2336
1552.66, -31.2319
1552.65, -31.2308
1552.63, -31.2302
1552.62, -31.23
1552.6, -31.2304
1552.59, -31.2314
1552.57, -31.2328
1552.56, -31.2348
1552.54, -31.2373
1552.53, -31.2403
1552.51, -31.2438
1552.5, -31.2479
1552.48, -31.2525
1552.47, -31.2576
1552.46, -31.2632
1552.44, -31.2693
1552.43, -31.276
1552.41, -31.2832
1552.4, -31.2909
1552.38, -31.2992
1552.37, -31.308
1552.35, -31.3173
1552.34, -31.3271
1552.32, -31.3375
1552.31, -31.3484
1552.29, -31.3599
1552.28, -31.3718
1552.26, -31.3843
1552.25, -31.3974
1552.23, -31.411
1552.22, -31.4251
1552.2, -31.4398
1552.19, -31.4551
1552.17, -31.4708
1552.16, -31.4872
1552.14, -31.504
1552.13, -31.5215
1552.11, -31.5395
1552.1, -31.558
1552.08, -31.5771
1552.07, -31.5968
1552.05, -31.617
1552.04, -31.6378
1552.02, -31.6592
1552.01, -31.6812
1551.99, -31.7037
1551.98, -31.7268
1551.96, -31.7505
1551.95, -31.7748
1551.93, -31.7996
1551.92, -31.8251
1551.9, -31.8511
1551.89, -31.8778
1551.87, -31.9051
1551.86, -31.9329
1551.84, -31.9614
1551.83, -31.9905
1551.81, -32.0202
1551.8, -32.0505
1551.78, -32.0815
1551.77, -32.1131
1551.76, -32.1453
1551.74, -32.1782
1551.73, -32.2117
1551.71, -32.2458
1551.7, -32.2807
1551.68, -32.3161
1551.67, -32.3523
1551.65, -32.3891
1551.64, -32.4266
1551.62, -32.4648
1551.61, -32.5037
1551.59, -32.5432
1551.58, -32.5835
1551.56, -32.6245
1551.55, -32.6661
1551.53, -32.7086
1551.52, -32.7517
1551.5, -32.7956
1551.49, -32.8402
1551.47, -32.8856
1551.46, -32.9317
1551.44, -32.9786
1551.43, -33.0262
1551.41, -33.0747
1551.4, -33.1239
1551.38, -33.174
1551.37, -33.2248
1551.35, -33.2765
1551.34, -33.329
1551.32, -33.3823
1551.31, -33.4365
1551.29, -33.4916
1551.28, -33.5475
1551.26, -33.6043
1551.25, -33.662
1551.23, -33.7206
1551.22, -33.7801
1551.2, -33.8405
1551.19, -33.9019
1551.17, -33.9642
1551.16, -34.0275
1551.14, -34.0918
1551.13, -34.1571
1551.12, -34.2234
1551.1, -34.2907
1551.09, -34.3591
1551.07, -34.4285
1551.06, -34.499
1551.04, -34.5706
1551.03, -34.6432
1551.01, -34.7171
1551, -34.792
1550.98, -34.8682
1550.97, -34.9455
1550.95, -35.024
1550.94, -35.1038
1550.92, -35.1848
1550.91, -35.2671
1550.89, -35.3507
1550.88, -35.4356
1550.86, -35.5218
1550.85, -35.6094
1550.83, -35.6985
1550.82, -35.7889
1550.8, -35.8808
1550.79, -35.9742
1550.77, -36.0692
1550.76, -36.1656
1550.74, -36.2637
1550.73, -36.3634
1550.71, -36.4647
1550.7, -36.5677
1550.68, -36.6725
1550.67, -36.7791
1550.65, -36.8874
1550.64, -36.9976
1550.62, -37.1098
1550.61, -37.2239
1550.59, -37.34
1550.58, -37.4581
1550.56, -37.5784
1550.55, -37.7008
1550.54, -37.8255
1550.52, -37.9524
1550.51, -38.0817
1550.49, -38.2134
1550.48, -38.3477
1550.46, -38.4844
1550.45, -38.6239
1550.43, -38.766
1550.42, -38.911
1550.4, -39.0588
1550.39, -39.2097
1550.37, -39.3636
1550.36, -39.5207
1550.34, -39.6812
1550.33, -39.845
1550.31, -40.0124
1550.3, -40.1835
1550.28, -40.3583
1550.27, -40.5371
1550.25, -40.72
1550.24, -40.9072
1550.22, -41.0987
1550.21, -41.2949
1550.19, -41.4959
1550.18, -41.7018
1550.16, -41.9129
1550.15, -42.1295
1550.13, -42.3517
1550.12, -42.5798
1550.1, -42.814
1550.09, -43.0548
1550.07, -43.3023
1550.06, -43.5569
1550.04, -43.8189
1550.03, -44.0886
1550.01, -44.3666



