

wavelength(nm), Y
1565, -31.393
1564.98, -31.3992
1564.97, -31.4059
1564.95, -31.4132
1564.94, -31.421
1564.92, -31.4293
1564.91, -31.4381
1564.89, -31.4475
1564.88, -31.4574
1564.86, -31.4678
1564.85, -31.4788
1564.83, -31.4903
1564.82, -31.5024
1564.8, -31.5149
1564.79, -31.5281
1564.77, -31.5417
1564.76, -31.5559
1564.74, -31.5707
1564.73, -31.586
1564.71, -31.6018
1564.7, -31.6182
1564.68, -31.6352
1564.67, -31.6527
1564.65, -31.6708
1564.64, -31.6894
1564.62, -31.7086
1564.61, -31.7283
1564.59, -31.7487
1564.58, -31.7695
1564.56, -31.791
1564.55, -31.813
1564.53, -31.8357
1564.52, -31.8589
1564.5, -31.8826
1564.49, -31.907
1564.47, -31.932
1564.45, -31.9575
1564.44, -31.9837
1564.42, -32.0104
1564.41, -32.0378
1564.39, -32.0658
1564.38, -32.0944
1564.36, -32.1236
1564.35, -32.1534
1564.33, -32.1838
1564.32, -32.2149
1564.3, -32.2466
1564.29, -32.279
1564.27, -32.3119
1564.26, -32.3456
1564.24, -32.3799
1564.23, -32.4148
1564.21, -32.4504
1564.2, -32.4867
1564.18, -32.5237
1564.17, -32.5613
1564.15, -32.5996
1564.14, -32.6387
1564.12, -32.6784
1564.11, -32.7188
1564.09, -32.7599
1564.08, -32.8018
1564.06, -32.8443
1564.05, -32.8877
1564.03, -32.9317
1564.02, -32.9765
1564, -33.022
1563.99, -33.0683
1563.97, -33.1154
1563.96, -33.1633
1563.94, -33.2119
1563.93, -33.2614
1563.91, -33.3116
1563.9, -33.3627
1563.88, -33.4146
1563.86, -33.4673
1563.85, -33.5208
1563.83, -33.5752
1563.82, -33.6305
1563.8, -33.6867
1563.79, -33.7437
1563.77, -33.8017
1563.76, -33.8605
1563.74, -33.9203
1563.73, -33.981
1563.71, -34.0426
1563.7, -34.1053
1563.68, -34.1689
1563.67, -34.2334
1563.65, -34.299
1563.64, -34.3656
1563.62, -34.4333
1563.61, -34.502
1563.59, -34.5717
1563.58, -34.6426
1563.56, -34.7145
1563.55, -34.7876
1563.53, -34.8618
1563.52, -34.9372
1563.5, -35.0137
1563.49, -35.0914
1563.47, -35.1704
1563.46, -35.2506
1563.44, -35.3321
1563.43, -35.4148
1563.41, -35.4989
1563.4, -35.5843
1563.38, -35.6711
1563.37, -35.7592
1563.35, -35.8488
1563.34, -35.9399
1563.32, -36.0324
1563.31, -36.1264
1563.29, -36.222
1563.28, -36.3191
1563.26, -36.4178
1563.25, -36.5182
1563.23, -36.6203
1563.21, -36.7241
1563.2, -36.8297
1563.18, -36.937
1563.17, -37.0463
1563.15, -37.1574
1563.14, -37.2704
1563.12, -37.3855
1563.11, -37.5026
1563.09, -37.6218
1563.08, -37.7432
1563.06, -37.8668
1563.05, -37.9926
1563.03, -38.1208
1563.02, -38.2514
1563, -38.3845
1562.99, -38.5202
1562.97, -38.6585
1562.96, -38.7995
1562.94, -38.9433
1562.93, -39.09
1562.91, -39.2397
1562.9, -39.3925
1562.88, -39.5485
1562.87, -39.7078
1562.85, -39.8705
1562.84, -40.0368
1562.82, -40.2067
1562.81, -40.3805
1562.79, -40.5582
1562.78, -40.7401
1562.76, -40.9262
1562.75, -41.1169
1562.73, -41.3121
1562.72, -41.5123
1562.7, -41.7174
1562.69, -41.9279
1562.67, -42.1439
1562.66, -42.3657
1562.64, -42.5936
1562.63, -42.8278
1562.61, -43.0687
1562.6, -43.3166
1562.58, -43.5719
1562.57, -43.835
1562.55, -44.1062
1562.54, -44.3861
1562.52, -44.6752
1562.51, -44.9739
1562.49, -45.2828
1562.47, -45.6026
1562.46, -45.9338
1562.44, -46.2772
1562.43, -46.6336
1562.41, -47.0037
1562.4, -47.3883
1562.38, -47.7884
1562.37, -48.2048
1562.35, -48.6384
1562.34, -49.0901
1562.32, -49.5606
1562.31, -50.0506
1562.29, -50.5602
1562.28, -51.0893
1562.26, -51.6368
1562.25, -52.2005
1562.23, -52.7762
1562.22, -53.3574
1562.2, -53.9337
1562.19, -54.4903
1562.17, -55.0068
1562.16, -55.4574
1562.14, -55.8124
1562.13, -56.0431
1562.11, -56.1276
1562.1, -56.0572
1562.08, -55.8391
1562.07, -55.4943
1562.05, -55.0512
1562.04, -54.5396
1562.02, -53.9857
1562.01, -53.4105
1561.99, -52.8293
1561.98, -52.2527
1561.96, -51.6878
1561.95, -51.1387
1561.93, -50.6079
1561.92, -50.0964
1561.9, -49.6047
1561.89, -49.1324
1561.87, -48.679
1561.86, -48.2437
1561.84, -47.8258
1561.83, -47.4243
1561.81, -47.0382
1561.8, -46.6669
1561.78, -46.3093
1561.77, -45.9647
1561.75, -45.6324
1561.74, -45.3116
1561.72, -45.0017
1561.71, -44.7021
1561.69, -44.4122
1561.68, -44.1315
1561.66, -43.8595
1561.64, -43.5957
1561.63, -43.3397
1561.61, -43.0911
1561.6, -42.8496
1561.58, -42.6148
1561.57, -42.3863
1561.55, -42.164
1561.54, -41.9475
1561.52, -41.7365
1561.51, -41.5308
1561.49, -41.3302
1561.48, -41.1345
1561.46, -40.9435
1561.45, -40.7569
1561.43, -40.5747
1561.42, -40.3966
1561.4, -40.2225
1561.39, -40.0522
1561.37, -39.8856
1561.36, -39.7225
1561.34, -39.5629
1561.33, -39.4066
1561.31, -39.2536
1561.3, -39.1036
1561.28, -38.9566
1561.27, -38.8125
1561.25, -38.6713
1561.24, -38.5327
1561.22, -38.3968
1561.21, -38.2635
1561.19, -38.1327
1561.18, -38.0043
1561.16, -37.8782
1561.15, -37.7544
1561.13, -37.6328
1561.12, -37.5134
1561.1, -37.3961
1561.09, -37.2809
1561.07, -37.1677
1561.06, -37.0564
1561.04, -36.947
1561.03, -36.8394
1561.01, -36.7337
1561, -36.6297
1560.98, -36.5275
1560.97, -36.427
1560.95, -36.3281
1560.94, -36.2308
1560.92, -36.1351
1560.91, -36.0409
1560.89, -35.9483
1560.88, -35.8571
1560.86, -35.7674
1560.85, -35.6791
1560.83, -35.5922
1560.82, -35.5067
1560.8, -35.4225
1560.79, -35.3396
1560.77, -35.258
1560.76, -35.1777
1560.74, -35.0986
1560.73, -35.0208
1560.71, -34.9441
1560.7, -34.8686
1560.68, -34.7943
1560.67, -34.7212
1560.65, -34.6491
1560.64, -34.5782
1560.62, -34.5083
1560.61, -34.4395
1560.59, -34.3718
1560.58, -34.3051
1560.56, -34.2394
1560.54, -34.1747
1560.53, -34.111
1560.51, -34.0483
1560.5, -33.9866
1560.48, -33.9258
1560.47, -33.8659
1560.45, -33.807
1560.44, -33.749
1560.42, -33.6919
1560.41, -33.6356
1560.39, -33.5803
1560.38, -33.5258
1560.36, -33.4721
1560.35, -33.4193
1560.33, -33.3674
1560.32, -33.3162
1560.3, -33.2659
1560.29, -33.2164
1560.27, -33.1677
1560.26, -33.1198
1560.24, -33.0726
1560.23, -33.0262
1560.21, -32.9806
1560.2, -32.9358
1560.18, -32.8917
1560.17, -32.8483
1560.15, -32.8056
1560.14, -32.7637
1560.12, -32.7225
1560.11, -32.682
1560.09, -32.6423
1560.08, -32.6032
1560.06, -32.5648
1560.05, -32.5271
1560.03, -32.4901
1560.02, -32.4537
1560, -32.4181
1559.99, -32.383
1559.97, -32.3487
1559.96, -32.315
1559.94, -32.2819
1559.93, -32.2495
1559.91, -32.2178
1559.9, -32.1866
1559.88, -32.1561
1559.87, -32.1263
1559.85, -32.097
1559.84, -32.0684
1559.82, -32.0403
1559.81, -32.0129
1559.79, -31.9861
1559.78, -31.9599
1559.76, -31.9343
1559.75, -31.9093
1559.73, -31.8849
1559.72, -31.861
1559.7, -31.8378
1559.69, -31.8151
1559.67, -31.793
1559.66, -31.7715
1559.64, -31.7505
1559.63, -31.7302
1559.61, -31.7104
1559.6, -31.6911
1559.58, -31.6724
1559.57, -31.6543
1559.55, -31.6368
1559.54, -31.6198
1559.52, -31.6033
1559.51, -31.5874
1559.49, -31.5721
1559.48, -31.5573
1559.46, -31.543
1559.45, -31.5293
1559.43, -31.5161
1559.42, -31.5035
1559.4, -31.4914
1559.39, -31.4798
1559.37, -31.4688
1559.36, -31.4583
1559.34, -31.4484
1559.33, -31.439
1559.31, -31.4301
1559.3, -31.4217
1559.28, -31.4139
1559.27, -31.4066
1559.25, -31.3998
1559.24, -31.3936
1559.22, -31.3878
1559.21, -31.3826
1559.19, -31.378
1559.18, -31.3738
1559.16, -31.3702
1559.15, -31.3671
1559.13, -31.3645
1559.12, -31.3625
1559.1, -31.3609
1559.09, -31.3599
1559.07, -31.3594
1559.06, -31.3594
1559.04, -31.36
1559.03, -31.361
1559.01, -31.3626
1559, -31.3648
1558.98, -31.3674
1558.97, -31.3705
1558.95, -31.3742
1558.94, -31.3784
1558.92, -31.3832
1558.91, -31.3884
1558.89, -31.3942
1558.88, -31.4005
1558.86, -31.4073
1558.85, -31.4147
1558.83, -31.4225
1558.82, -31.431
1558.8, -31.4399
1558.78, -31.4494
1558.77, -31.4594
1558.75, -31.4699
1558.74, -31.481
1558.72, -31.4926
1558.71, -31.5047
1558.69, -31.5174
1558.68, -31.5307
1558.66, -31.5444
1558.65, -31.5587
1558.63, -31.5736
1558.62, -31.589
1558.6, -31.605
1558.59, -31.6215
1558.57, -31.6385
1558.56, -31.6562
1558.54, -31.6743
1558.53, -31.6931
1558.51, -31.7124
1558.5, -31.7322
1558.48, -31.7527
1558.47, -31.7737
1558.45, -31.7952
1558.44, -31.8174
1558.42, -31.8401
1558.41, -31.8634
1558.39, -31.8873
1558.38, -31.9118
1558.36, -31.9369
1558.35, -31.9626
1558.33, -31.9888
1558.32, -32.0157
1558.3, -32.0432
1558.29, -32.0713
1558.27, -32.1
1558.26, -32.1293
1558.24, -32.1592
1558.23, -32.1898
1558.21, -32.221
1558.2, -32.2528
1558.18, -32.2853
1558.17, -32.3184
1558.15, -32.3522
1558.14, -32.3866
1558.12, -32.4217
1558.11, -32.4574
1558.09, -32.4938
1558.08, -32.5309
1558.06, -32.5687
1558.05, -32.6071
1558.03, -32.6463
1558.02, -32.6861
1558, -32.7267
1557.99, -32.768
1557.97, -32.81
1557.96, -32.8527
1557.94, -32.8961
1557.93, -32.9403
1557.91, -32.9852
1557.9, -33.0309
1557.88, -33.0774
1557.87, -33.1246
1557.85, -33.1726
1557.84, -33.2214
1557.82, -33.271
1557.81, -33.3214
1557.79, -33.3726
1557.78, -33.4247
1557.76, -33.4776
1557.75, -33.5313
1557.73, -33.5859
1557.72, -33.6413
1557.7, -33.6976
1557.69, -33.7549
1557.67, -33.813
1557.66, -33.872
1557.64, -33.932
1557.63, -33.9928
1557.61, -34.0547
1557.6, -34.1175
1557.58, -34.1813
1557.57, -34.2461
1557.55, -34.3118
1557.54, -34.3786
1557.52, -34.4465
1557.51, -34.5154
1557.49, -34.5854
1557.48, -34.6564
1557.46, -34.7286
1557.45, -34.8019
1557.43, -34.8763
1557.42, -34.9519
1557.4, -35.0287
1557.39, -35.1066
1557.37, -35.1858
1557.36, -35.2663
1557.34, -35.348
1557.33, -35.431
1557.31, -35.5153
1557.3, -35.601
1557.28, -35.688
1557.27, -35.7765
1557.25, -35.8663
1557.24, -35.9576
1557.22, -36.0504
1557.21, -36.1448
1557.19, -36.2406
1557.18, -36.3381
1557.16, -36.4371
1557.15, -36.5378
1557.13, -36.6403
1557.12, -36.7444
1557.1, -36.8503
1557.09, -36.958
1557.07, -37.0676
1557.06, -37.1791
1557.04, -37.2926
1557.03, -37.408
1557.01, -37.5255
1557, -37.6451
1556.98, -37.7669
1556.97, -37.8909
1556.95, -38.0172
1556.94, -38.1459
1556.92, -38.277
1556.91, -38.4106
1556.89, -38.5467
1556.88, -38.6855
1556.86, -38.8271
1556.85, -38.9715
1556.83, -39.1187
1556.82, -39.269
1556.8, -39.4224
1556.79, -39.579
1556.77, -39.739
1556.76, -39.9024
1556.74, -40.0694
1556.73, -40.24
1556.71, -40.4146
1556.7, -40.5931
1556.68, -40.7758
1556.67, -40.9628
1556.65, -41.1543
1556.64, -41.3505
1556.62, -41.5516
1556.61, -41.7578
1556.59, -41.9693
1556.58, -42.1864
1556.56, -42.4093
1556.55, -42.6384
1556.53, -42.8739
1556.52, -43.1161
1556.5, -43.3654
1556.49, -43.6222
1556.47, -43.8868
1556.46, -44.1597
1556.44, -44.4413
1556.43, -44.7322
1556.41, -45.0328
1556.4, -45.3438
1556.38, -45.6657
1556.37, -45.9993
1556.35, -46.3451
1556.34, -46.7041
1556.32, -47.0769
1556.31, -47.4645
1556.29, -47.8676
1556.28, -48.2873
1556.26, -48.7244
1556.25, -49.1796
1556.23, -49.6539
1556.22, -50.1477
1556.2, -50.6611
1556.19, -51.1939
1556.17, -51.7447
1556.16, -52.3111
1556.15, -52.8885
1556.13, -53.4696
1556.12, -54.0435
1556.1, -54.5941
1556.09, -55.1
1556.07, -55.5345
1556.06, -55.8676
1556.04, -56.0714
1556.03, -56.1261
1556.01, -56.026
1556, -55.7815
1555.98, -55.4153
1555.97, -54.9567
1555.95, -54.435
1555.94, -53.8755
1555.92, -53.2981
1555.91, -52.7171
1555.89, -52.1424
1555.88, -51.5802
1555.86, -51.0345
1555.85, -50.5074
1555.83, -49.9997
1555.82, -49.5118
1555.8, -49.0432
1555.79, -48.5934
1555.77, -48.1615
1555.76, -47.7468
1555.74, -47.3484
1555.73, -46.9653
1555.71, -46.5966
1555.7, -46.2416
1555.68, -45.8995
1555.67, -45.5694
1555.65, -45.2508
1555.64, -44.943
1555.62, -44.6453
1555.61, -44.3572
1555.59, -44.0782
1555.58, -43.8078
1555.56, -43.5455
1555.55, -43.291
1555.53, -43.0438
1555.52, -42.8036
1555.5, -42.5701
1555.49, -42.3428
1555.47, -42.1216
1555.46, -41.9062
1555.44, -41.6963
1555.43, -41.4916
1555.41, -41.292
1555.4, -41.0972
1555.38, -40.9071
1555.37, -40.7213
1555.35, -40.5399
1555.34, -40.3626
1555.32, -40.1892
1555.31, -40.0196
1555.29, -39.8537
1555.28, -39.6914
1555.26, -39.5324
1555.25, -39.3768
1555.23, -39.2243
1555.22, -39.0749
1555.2, -38.9285
1555.19, -38.785
1555.17, -38.6442
1555.16, -38.5062
1555.14, -38.3708
1555.13, -38.238
1555.11, -38.1076
1555.1, -37.9797
1555.08, -37.8541
1555.07, -37.7307
1555.05, -37.6096
1555.04, -37.4906
1555.02, -37.3737
1555.01, -37.2588
1554.99, -37.146
1554.98, -37.035
1554.96, -36.926
1554.95, -36.8188
1554.93, -36.7134
1554.92, -36.6098
1554.9, -36.5079
1554.89, -36.4077
1554.87, -36.3091
1554.86, -36.2121
1554.84, -36.1167
1554.83, -36.0229
1554.81, -35.9305
1554.8, -35.8396
1554.78, -35.7502
1554.77, -35.6622
1554.75, -35.5755
1554.74, -35.4903
1554.72, -35.4063
1554.71, -35.3237
1554.69, -35.2424
1554.68, -35.1623
1554.66, -35.0835
1554.65, -35.0058
1554.63, -34.9294
1554.62, -34.8542
1554.6, -34.7801
1554.59, -34.7071
1554.57, -34.6353
1554.56, -34.5646
1554.54, -34.4949
1554.53, -34.4263
1554.51, -34.3588
1554.5, -34.2923
1554.48, -34.2268
1554.47, -34.1623
1554.45, -34.0988
1554.44, -34.0363
1554.42, -33.9748
1554.41, -33.9141
1554.4, -33.8545
1554.38, -33.7957
1554.37, -33.7379
1554.35, -33.6809
1554.34, -33.6248
1554.32, -33.5697
1554.31, -33.5153
1554.29, -33.4619
1554.28, -33.4092
1554.26, -33.3574
1554.25, -33.3064
1554.23, -33.2563
1554.22, -33.2069
1554.2, -33.1584
1554.19, -33.1106
1554.17, -33.0636
1554.16, -33.0174
1554.14, -32.9719
1554.13, -32.9272
1554.11, -32.8832
1554.1, -32.84
1554.08, -32.7975
1554.07, -32.7557
1554.05, -32.7146
1554.04, -32.6743
1554.02, -32.6346
1554.01, -32.5957
1553.99, -32.5574
1553.98, -32.5199
1553.96, -32.483
1553.95, -32.4468
1553.93, -32.4112
1553.92, -32.3763
1553.9, -32.3421
1553.89, -32.3086
1553.87, -32.2756
1553.86, -32.2433
1553.84, -32.2117
1553.83, -32.1807
1553.81, -32.1503
1553.8, -32.1206
1553.78, -32.0914
1553.77, -32.0629
1553.75, -32.035
1553.74, -32.0077
1553.72, -31.981
1553.71, -31.9549
1553.69, -31.9294
1553.68, -31.9045
1553.66, -31.8802
1553.65, -31.8565
1553.63, -31.8333
1553.62, -31.8108
1553.6, -31.7888
1553.59, -31.7674
1553.57, -31.7466
1553.56, -31.7263
1553.54, -31.7066
1553.53, -31.6875
1553.51, -31.6689
1553.5, -31.6509
1553.48, -31.6334
1553.47, -31.6165
1553.45, -31.6002
1553.44, -31.5844
1553.42, -31.5692
1553.41, -31.5545
1553.39, -31.5403
1553.38, -31.5267
1553.36, -31.5136
1553.35, -31.5011
1553.33, -31.4891
1553.32, -31.4777
1553.31, -31.4667
1553.29, -31.4564
1553.28, -31.4465
1553.26, -31.4372
1553.25, -31.4284
1553.23, -31.4202
1553.22, -31.4124
1553.2, -31.4052
1553.19, -31.3986
1553.17, -31.3924
1553.16, -31.3868
1553.14, -31.3817
1553.13, -31.3771
1553.11, -31.3731
1553.1, -31.3696
1553.08, -31.3666
1553.07, -31.3641
1553.05, -31.3621
1553.04, -31.3607
1553.02, -31.3598
1553.01, -31.3594
1552.99, -31.3595
1552.98, -31.3601
1552.96, -31.3613
1552.95, -31.363
1552.93, -31.3652
1552.92, -31.368
1552.9, -31.3712
1552.89, -31.375
1552.87, -31.3793
1552.86, -31.3841
1552.84, -31.3895
1552.83, -31.3954
1552.81, -31.4018
1552.8, -31.4087
1552.78, -31.4161
1552.77, -31.4241
1552.75, -31.4326
1552.74, -31.4417
1552.72, -31.4513
1552.71, -31.4614
1552.69, -31.472
1552.68, -31.4832
1552.66, -31.4949
1552.65, -31.5072
1552.63, -31.52
1552.62, -31.5333
1552.6, -31.5472
1552.59, -31.5616
1552.57, -31.5765
1552.56, -31.5921
1552.54, -31.6081
1552.53, -31.6247
1552.51, -31.6419
1552.5, -31.6596
1552.48, -31.6779
1552.47, -31.6968
1552.46, -31.7162
1552.44, -31.7361
1552.43, -31.7567
1552.41, -31.7778
1552.4, -31.7995
1552.38, -31.8217
1552.37, -31.8446
1552.35, -31.868
1552.34, -31.892
1552.32, -31.9166
1552.31, -31.9418
1552.29, -31.9676
1552.28, -31.994
1552.26, -32.021
1552.25, -32.0486
1552.23, -32.0768
1552.22, -32.1056
1552.2, -32.135
1552.19, -32.1651
1552.17, -32.1958
1552.16, -32.2271
1552.14, -32.2591
1552.13, -32.2916
1552.11, -32.3249
1552.1, -32.3588
1552.08, -32.3933
1552.07, -32.4285
1552.05, -32.4644
1552.04, -32.5009
1552.02, -32.5382
1552.01, -32.5761
1551.99, -32.6147
1551.98, -32.6539
1551.96, -32.6939
1551.95, -32.7346
1551.93, -32.776
1551.92, -32.8182
1551.9, -32.861
1551.89, -32.9046
1551.87, -32.9489
1551.86, -32.994
1551.84, -33.0399
1551.83, -33.0865
1551.81, -33.1339
1551.8, -33.182
1551.78, -33.231
1551.77, -33.2807
1551.76, -33.3313
1551.74, -33.3827
1551.73, -33.4349
1551.71, -33.4879
1551.7, -33.5418
1551.68, -33.5965
1551.67, -33.6522
1551.65, -33.7086
1551.64, -33.766
1551.62, -33.8243
1551.61, -33.8835
1551.59, -33.9437
1551.58, -34.0047
1551.56, -34.0668
1551.55, -34.1298
1551.53, -34.1937
1551.52, -34.2587
1551.5, -34.3247
1551.49, -34.3917
1551.47, -34.4597
1551.46, -34.5288
1551.44, -34.599
1551.43, -34.6703
1551.41, -34.7427
1551.4, -34.8162
1551.38, -34.8908
1551.37, -34.9666
1551.35, -35.0436
1551.34, -35.1219
1551.32, -35.2013
1551.31, -35.282
1551.29, -35.364
1551.28, -35.4472
1551.26, -35.5318
1551.25, -35.6177
1551.23, -35.705
1551.22, -35.7937
1551.2, -35.8839
1551.19, -35.9755
1551.17, -36.0686
1551.16, -36.1632
1551.14, -36.2594
1551.13, -36.3571
1551.12, -36.4565
1551.1, -36.5575
1551.09, -36.6603
1551.07, -36.7648
1551.06, -36.871
1551.04, -36.9791
1551.03, -37.089
1551.01, -37.2009
1551, -37.3147
1550.98, -37.4306
1550.97, -37.5485
1550.95, -37.6685
1550.94, -37.7907
1550.92, -37.9152
1550.91, -38.042
1550.89, -38.1711
1550.88, -38.3026
1550.86, -38.4367
1550.85, -38.5734
1550.83, -38.7127
1550.82, -38.8548
1550.8, -38.9997
1550.79, -39.1476
1550.77, -39.2985
1550.76, -39.4525
1550.74, -39.6097
1550.73, -39.7703
1550.71, -39.9344
1550.7, -40.1021
1550.68, -40.2735
1550.67, -40.4488
1550.65, -40.6281
1550.64, -40.8116
1550.62, -40.9995
1550.61, -41.1919
1550.59, -41.389
1550.58, -41.5911
1550.56, -41.7983
1550.55, -42.0108
1550.54, -42.2291
1550.52, -42.4532
1550.51, -42.6835
1550.49, -42.9202
1550.48, -43.1638
1550.46, -43.4145
1550.45, -43.6728
1550.43, -43.939
1550.42, -44.2135
1550.4, -44.4969
1550.39, -44.7896
1550.37, -45.0922
1550.36, -45.4052
1550.34, -45.7294
1550.33, -46.0652
1550.31, -46.4136
1550.3, -46.7751
1550.28, -47.1507
1550.27, -47.5413
1550.25, -47.9475
1550.24, -48.3705
1550.22, -48.811
1550.21, -49.2699
1550.19, -49.7479
1550.18, -50.2455
1550.16, -50.7627
1550.15, -51.2991
1550.13, -51.8532
1550.12, -52.4222
1550.1, -53.0009
1550.09, -53.5817
1550.07, -54.1524
1550.06, -54.6963
1550.04, -55.1906
1550.03, -55.6078
1550.01, -55.9179



